PC_KI : 0.008068634
PC_KK : 0.091159
PC_KP : 0.01882681
VS_CtInSp : 41.8879
VS_MaxRat : 6700
VS_MaxTq : 14743.3
VS_MinTq : 0.0
VS_Rgn2K : 0.24
VS_Rgn2Sp : 115.71521
VS_Rgn3MP : -0.017453
VS_RtGnSp : 45.5531
VS_RtPwr : 2000
VS_SlPc : 10.0

